1 0.0161266 -0
2 0.104738 -0
3 0.194083 -0
4 0.201874 -0
5 0.201694 -0
6 0.201694 -0
7 0.201694 -0
8 0.201694 -0
9 0.201694 -0
10 0.201694 -0
11 0.201679 -0
12 0.200399 -0
13 0.276601 -0
14 0.304629 -0.0913887
15 0.0801858 0.0521015
16 -0.0271681 0.0281969
17 -0.657035 0.190318
18 -1.24421 0.209004
19 -0.174699 -0.258643
20 1.23237 -0.3
21 1.58261 -0.16669
22 1.52007 -0.060369
23 0.662876 0.181155
24 0.440037 0.0337079
25 0.652104 -0.0856218
26 0.823786 -0.0841099
27 0.758369 -0.0215642
28 0.492733 0.0417723
29 0.146709 0.0791707
30 -0.200536 0.0968381
31 -0.490471 0.0970073
32 -0.720128 0.0934205
33 -0.822284 0.0666534
34 -0.821163 0.0407777
35 -0.747761 0.0190377
36 -0.605641 -0.00524804
37 -0.451679 -0.0159065
38 -0.196725 -0.0539021
39 -0.440202 0.0828794
40 -0.80473 0.131368
41 -0.963564 0.0878867
42 -0.904623 0.0304958
43 -0.726745 -0.00813228
44 -0.661337 0.0167148
45 -0.558839 0.00231744
46 -0.356715 -0.0326953
47 -0.0659402 -0.0693966
48 0.248352 -0.0909905
49 0.566852 -0.107968
50 0.7929 -0.0961571
51 0.878647 0.198225
52 0.964529 -0.289359
53 1.03434 -0.0691686
54 0.953124 -0.0273533
55 0.977046 -0.0548328
56 0.977871 -0.0490998
