1 3.29177e-07 1.21564e-07 0
2 2.88037e-07 1.23624e-07 0
3 1.29334e-07 8.24794e-08 0
4 0 4.36792e-08 0
5 0 4.36792e-08 0
6 0 4.36792e-08 0
7 0 4.36792e-08 0
8 0 4.36792e-08 0
9 0 4.36792e-08 0
10 0 4.36792e-08 0
11 -0.112384 0 0.0393344
12 -2.33273 0 1.05535
13 -3 0 1.40553
14 -0.926184 0 0.829693
15 1.56889 0 0.00272682
16 2.0187 0.23315 0
17 0.0883925 0 0.341521
18 -0.536718 0 0.55589
19 0.44127 0 0.24043
20 0.527692 0 0.188119
21 0.128271 0 0.301532
22 -0.0201052 0 0.34705
23 0.108522 0 0.303036
24 0.154295 0 0.281589
25 0.134796 0 0.280699
26 0.0720595 0 0.295917
27 0.0596654 0 0.296652
28 0.0752141 0 0.288227
29 0.0686647 0 0.286758
30 0.0484774 0 0.290391
31 0.0377266 0 0.291729
32 0.0387255 0 0.289494
33 0.0379712 0 0.287821
34 0.0331073 0 0.287625
35 0.0263974 0 0.288318
36 0.0212389 0 0.288804
37 0.0190149 0 0.28852
38 0.0175948 0 0.288067
39 0.0119602 0 0.289159
40 -0.00315343 0 0.293851
41 0.000302866 0 0.292799
42 0.0184884 0 0.286419
43 0.0191133 0 0.285275
44 0.00797064 0 0.28822
45 0.00268372 0 0.289672
46 0.00571643 0 0.288476
47 0.00658452 0 0.287886
48 0.0367104 0 0.277013
49 1.0004 0.0621152 0
50 0.837573 0.0551447 0
51 -0.997373 0 0.545208
52 -0.0463269 0 0.26221
53 0.5725 0 0.0479373
54 0.474381 0 0.0536541
55 0.197182 0 0.126955
56 0.020671 0 0.178874
